input filtered denoisedF denoisedR merged nonchim
CB-T3-27-G13A 111609 74089 72874 73296 64547 40034
CB-T3-27-G14A 77654 21234 20907 21083 17521 11180
CB-T3-27-G15A 146199 95790 94571 95067 83515 46007
CB-T3-27-G8A 123442 86249 85116 85709 76271 48002
CB-T3-27-G9A 102508 33798 33191 33124 26495 20028
CB-T3-29-5-G13A 169612 122890 117548 121182 75596 31834
CB-T3-29-5-G14A 157283 111666 108357 110293 80693 40911
CB-T3-29-5-G15A 158776 96060 93402 95062 70072 38170
CB-T3-29-5-G8A 139812 98244 96195 97485 78039 32963
CB-T3-29-5-G9A 149497 97182 94316 96148 73662 41862
CB-T3-32-G13A 171279 119727 116782 118489 84619 31766
CB-T3-32-G14A 148239 106512 103890 105168 75931 33998
CB-T3-32-G15A 230686 144931 141434 143378 95636 39528
CB-T3-32-G8A 223687 161853 158688 160441 119001 39505
CB-T3-32-G9A 161996 108478 106090 107730 75933 28793
CB-T3-34-5-G13A 149647 87849 85739 87095 69013 38548
CB-T3-34-5-G14A 193420 107855 105553 106724 81256 42573
CB-T3-34-5-G15A 127372 70427 68062 69669 50496 27779
CB-T3-34-5-G8A 150158 91061 89474 90171 75547 46360
CB-T3-34-5-G9A 113818 66789 64656 66086 49834 23343
